16,16,16,1.671213
16,16,32,1.639558
16,16,48,1.705354
16,16,64,1.640440
16,32,16,1.784572
16,32,32,1.919147
16,32,48,1.857133
16,32,64,1.791706
16,48,16,1.674059
16,48,32,1.724996
16,48,48,1.704637
16,48,64,1.661926
16,64,16,1.616242
16,64,32,1.647435
16,64,48,1.627479
16,64,64,1.659045
32,16,16,1.645089
32,16,32,1.606565
32,16,48,1.608315
32,16,64,1.598740
32,32,16,1.778744
32,32,32,1.737280
32,32,48,1.738569
32,32,64,1.741808
32,48,16,1.705059
32,48,32,1.692032
32,48,48,1.641600
32,48,64,1.658415
32,64,16,1.630574
32,64,32,1.614920
32,64,48,1.627483
32,64,64,1.607748
48,16,16,1.630279
48,16,32,1.609623
48,16,48,1.586563
48,16,64,1.615637
48,32,16,1.730273
48,32,32,1.757627
48,32,48,1.773225
48,32,64,1.718837
48,48,16,1.675779
48,48,32,1.680755
48,48,48,1.641410
48,48,64,1.684818
48,64,16,1.626198
48,64,32,1.589501
48,64,48,1.600220
48,64,64,1.617734
64,16,16,1.634287
64,16,32,1.626602
64,16,48,1.619338
64,16,64,1.611904
64,32,16,1.781459
64,32,32,1.753614
64,32,48,1.748144
64,32,64,1.741176
64,48,16,1.673791
64,48,32,1.665426
64,48,48,1.648989
64,48,64,1.665976
64,64,16,1.623576
64,64,32,1.589138
64,64,48,1.610125
64,64,64,1.598507
44,12,44,1.652127
44,12,45,1.653017
44,12,46,1.714765
44,12,47,1.679613
44,12,48,1.650385
44,12,49,1.658555
44,12,50,1.696894
44,12,51,1.678842
44,12,52,1.680251
44,13,44,1.639733
44,13,45,1.637144
44,13,46,1.656357
44,13,47,1.664444
44,13,48,1.652038
44,13,49,1.648449
44,13,50,1.641621
44,13,51,1.636600
44,13,52,1.656690
44,14,44,1.629458
44,14,45,1.649366
44,14,46,1.646882
44,14,47,1.624962
44,14,48,1.653932
44,14,49,1.629555
44,14,50,1.674890
44,14,51,1.644652
44,14,52,1.713694
44,15,44,1.675204
44,15,45,1.712224
44,15,46,1.656224
44,15,47,1.630326
44,15,48,1.642611
44,15,49,1.648715
44,15,50,1.643214
44,15,51,1.648441
44,15,52,1.640165
44,16,44,1.634223
44,16,45,1.626145
44,16,46,1.640865
44,16,47,1.607494
44,16,48,1.606022
44,16,49,1.621350
44,16,50,1.630044
44,16,51,1.609120
44,16,52,1.630855
44,17,44,1.627104
44,17,45,1.684719
44,17,46,1.625833
44,17,47,1.607675
44,17,48,1.629587
44,17,49,1.632366
44,17,50,1.626932
44,17,51,1.620396
44,17,52,1.675534
44,18,44,1.693255
44,18,45,1.645356
44,18,46,1.806261
44,18,47,1.677705
44,18,48,1.794913
44,18,49,1.654893
44,18,50,1.650066
44,18,51,1.684743
44,18,52,1.620649
44,19,44,1.601647
44,19,45,1.599728
44,19,46,1.675103
44,19,47,1.611189
44,19,48,1.692004
44,19,49,1.679047
44,19,50,1.636097
44,19,51,1.622128
44,19,52,1.634580
44,20,44,1.626376
44,20,45,1.611636
44,20,46,1.655318
44,20,47,1.602454
44,20,48,1.601333
44,20,49,1.836027
44,20,50,1.604171
44,20,51,1.609795
44,20,52,1.676821
44,21,44,1.646615
44,21,45,1.640101
44,21,46,1.613744
44,21,47,1.637332
44,21,48,1.593302
44,21,49,1.617106
44,21,50,1.615336
44,21,51,1.595694
44,21,52,1.603009
44,22,44,1.591542
44,22,45,1.648586
44,22,46,1.594891
44,22,47,1.617028
44,22,48,1.615550
44,22,49,1.599585
44,22,50,1.592493
44,22,51,1.636250
44,22,52,1.613353
44,23,44,1.608138
44,23,45,1.620139
44,23,46,1.600914
44,23,47,1.623084
44,23,48,1.598929
44,23,49,1.616338
44,23,50,1.612052
44,23,51,1.611323
44,23,52,1.589899
44,24,44,1.596924
44,24,45,1.627838
44,24,46,1.760709
44,24,47,1.638066
44,24,48,1.643002
44,24,49,1.614679
44,24,50,1.613403
44,24,51,1.657852
44,24,52,1.683185
45,12,44,1.824441
45,12,45,1.775731
45,12,46,1.647194
45,12,47,1.648997
45,12,48,1.651608
45,12,49,1.663256
45,12,50,1.667983
45,12,51,1.679431
45,12,52,1.664952
45,13,44,1.636962
45,13,45,1.641664
45,13,46,1.658947
45,13,47,1.663492
45,13,48,1.651600
45,13,49,1.637236
45,13,50,1.661112
45,13,51,1.650405
45,13,52,1.632814
45,14,44,1.627615
45,14,45,1.656203
45,14,46,1.647163
45,14,47,1.661221
45,14,48,1.635064
45,14,49,1.733181
45,14,50,1.652912
45,14,51,1.658261
45,14,52,1.625463
45,15,44,1.616470
45,15,45,1.630620
45,15,46,1.649003
45,15,47,1.622804
45,15,48,1.664870
45,15,49,1.645139
45,15,50,1.642969
45,15,51,1.638021
45,15,52,1.634315
45,16,44,1.611339
45,16,45,1.628524
45,16,46,1.606710
45,16,47,1.630121
45,16,48,1.611901
45,16,49,1.602203
45,16,50,1.626042
45,16,51,1.714522
45,16,52,1.650617
45,17,44,1.641602
45,17,45,1.624813
45,17,46,1.640625
45,17,47,1.611747
45,17,48,1.607541
45,17,49,1.627481
45,17,50,1.636744
45,17,51,1.622792
45,17,52,1.642363
45,18,44,1.607327
45,18,45,1.602514
45,18,46,1.620088
45,18,47,1.638272
45,18,48,1.683186
45,18,49,1.626271
45,18,50,1.600552
45,18,51,1.602068
45,18,52,1.632376
45,19,44,1.597392
45,19,45,1.631776
45,19,46,1.620995
45,19,47,1.635892
45,19,48,1.601049
45,19,49,1.604858
45,19,50,1.626148
45,19,51,1.626620
45,19,52,1.620033
45,20,44,1.616881
45,20,45,1.594775
45,20,46,1.734882
45,20,47,1.624277
45,20,48,1.594765
45,20,49,1.618972
45,20,50,1.599370
45,20,51,1.628586
45,20,52,1.645299
45,21,44,1.618192
45,21,45,1.646111
45,21,46,1.592049
45,21,47,1.608921
45,21,48,1.594757
45,21,49,1.591123
45,21,50,1.588166
45,21,51,1.610894
45,21,52,1.614854
45,22,44,1.599059
45,22,45,1.615688
45,22,46,1.621566
45,22,47,1.613292
45,22,48,1.611759
45,22,49,1.617631
45,22,50,1.618209
45,22,51,1.591779
45,22,52,1.611205
45,23,44,1.592485
45,23,45,1.618182
45,23,46,1.609986
45,23,47,1.638133
45,23,48,1.594222
45,23,49,1.612030
45,23,50,1.590587
45,23,51,1.610082
45,23,52,1.614045
45,24,44,1.620044
45,24,45,1.597318
45,24,46,1.597625
45,24,47,1.635362
45,24,48,1.622515
45,24,49,1.599120
45,24,50,1.588069
45,24,51,1.595128
45,24,52,1.616491
46,12,44,1.648248
46,12,45,1.695885
46,12,46,1.673282
46,12,47,1.689846
46,12,48,1.665434
46,12,49,1.669660
46,12,50,1.650245
46,12,51,1.681126
46,12,52,1.671016
46,13,44,1.661669
46,13,45,1.638169
46,13,46,1.633209
46,13,47,1.657811
46,13,48,1.655479
46,13,49,1.648493
46,13,50,1.628973
46,13,51,1.625419
46,13,52,1.651019
46,14,44,1.629226
46,14,45,1.643535
46,14,46,1.649911
46,14,47,1.653525
46,14,48,1.624445
46,14,49,1.647163
46,14,50,1.623028
46,14,51,1.616757
46,14,52,1.657784
46,15,44,1.639980
46,15,45,1.611465
46,15,46,1.638112
46,15,47,1.606057
46,15,48,1.646723
46,15,49,1.611202
46,15,50,1.652637
46,15,51,1.634744
46,15,52,1.617669
46,16,44,1.634395
46,16,45,1.625234
46,16,46,1.624907
46,16,47,1.633306
46,16,48,1.604350
46,16,49,1.627588
46,16,50,1.624952
46,16,51,1.603159
46,16,52,1.628075
46,17,44,1.627910
46,17,45,1.628433
46,17,46,1.603559
46,17,47,1.598270
46,17,48,1.620250
46,17,49,1.603257
46,17,50,1.624220
46,17,51,1.597929
46,17,52,1.624930
46,18,44,1.627713
46,18,45,1.605247
46,18,46,1.603033
46,18,47,1.602709
46,18,48,1.602337
46,18,49,1.602023
46,18,50,1.622081
46,18,51,1.631632
46,18,52,1.598428
46,19,44,1.623996
46,19,45,1.600021
46,19,46,1.615990
46,19,47,1.590596
46,19,48,1.599734
46,19,49,1.619915
46,19,50,1.620351
46,19,51,1.629879
46,19,52,1.621851
46,20,44,1.592541
46,20,45,1.713065
46,20,46,1.608139
46,20,47,1.596611
46,20,48,1.620961
46,20,49,1.615769
46,20,50,1.619776
46,20,51,1.601340
46,20,52,1.618519
46,21,44,1.602953
46,21,45,1.583001
46,21,46,1.625502
46,21,47,1.619455
46,21,48,1.586236
46,21,49,1.617139
46,21,50,1.626984
46,21,51,1.590198
46,21,52,1.613803
46,22,44,1.596257
46,22,45,1.617957
46,22,46,1.621065
46,22,47,1.621122
46,22,48,1.619539
46,22,49,1.613563
46,22,50,1.589810
46,22,51,1.590578
46,22,52,1.583220
46,23,44,1.583247
46,23,45,1.610324
46,23,46,1.587053
46,23,47,1.605519
46,23,48,1.612664
46,23,49,1.593602
46,23,50,1.590094
46,23,51,1.615020
46,23,52,1.592380
46,24,44,1.613297
46,24,45,1.622386
46,24,46,1.593455
46,24,47,1.615458
46,24,48,1.598753
46,24,49,1.617290
46,24,50,1.589013
46,24,51,1.621905
46,24,52,1.617739
47,12,44,1.681986
47,12,45,1.675692
47,12,46,1.664590
47,12,47,1.683251
47,12,48,1.649505
47,12,49,1.703511
47,12,50,1.671744
47,12,51,1.674728
47,12,52,1.652066
47,13,44,1.641176
47,13,45,1.637432
47,13,46,1.663208
47,13,47,1.654885
47,13,48,1.625193
47,13,49,1.659722
47,13,50,1.662048
47,13,51,1.667096
47,13,52,1.665491
47,14,44,1.644217
47,14,45,1.648411
47,14,46,1.643769
47,14,47,1.835349
47,14,48,2.173818
47,14,49,3.244689
47,14,50,2.008832
47,14,51,1.947166
47,14,52,1.758529
47,15,44,1.780843
47,15,45,2.467813
47,15,46,1.745194
47,15,47,1.870214
47,15,48,1.699197
47,15,49,1.954737
47,15,50,1.899948
47,15,51,1.985746
47,15,52,2.604729
47,16,44,2.174358
47,16,45,1.945680
47,16,46,2.350391
47,16,47,1.639518
47,16,48,1.665604
47,16,49,1.845287
47,16,50,3.022823
47,16,51,3.580556
47,16,52,2.211736
47,17,44,1.770215
47,17,45,1.630355
47,17,46,1.734281
47,17,47,1.632063
47,17,48,1.695448
47,17,49,1.851716
47,17,50,2.273891
47,17,51,1.814199
47,17,52,2.840666
47,18,44,2.359202
47,18,45,1.916027
47,18,46,2.335681
47,18,47,1.804654
47,18,48,1.623211
47,18,49,1.744927
47,18,50,1.597594
47,18,51,1.729008
47,18,52,1.675011
47,19,44,1.622191
47,19,45,1.605417
47,19,46,1.604504
47,19,47,1.606374
47,19,48,1.618394
47,19,49,1.601235
47,19,50,1.691856
47,19,51,1.673052
47,19,52,1.849165
47,20,44,1.770990
47,20,45,1.874304
47,20,46,1.649541
47,20,47,1.610636
47,20,48,1.640991
47,20,49,1.823432
47,20,50,1.626093
47,20,51,1.732286
47,20,52,2.118351
47,21,44,2.798301
47,21,45,1.761138
47,21,46,1.750046
47,21,47,2.208195
47,21,48,2.287949
47,21,49,2.645394
47,21,50,2.839356
47,21,51,2.543274
47,21,52,1.703297
47,22,44,1.803827
47,22,45,1.674436
47,22,46,1.649905
47,22,47,1.695919
47,22,48,1.674625
47,22,49,1.870377
47,22,50,1.731079
47,22,51,1.936422
47,22,52,1.732850
47,23,44,1.721882
47,23,45,1.745467
47,23,46,1.720953
47,23,47,1.634098
47,23,48,1.719109
47,23,49,1.632120
47,23,50,1.678241
47,23,51,1.910735
47,23,52,1.916268
47,24,44,1.749961
47,24,45,1.822055
47,24,46,1.741209
47,24,47,1.779468
47,24,48,1.807193
47,24,49,1.945554
47,24,50,1.691592
47,24,51,1.636240
47,24,52,1.789463
48,12,44,1.990798
48,12,45,1.695205
48,12,46,1.821170
48,12,47,1.727256
48,12,48,1.699486
48,12,49,1.694101
48,12,50,1.693388
48,12,51,1.666617
48,12,52,1.918871
48,13,44,1.704044
48,13,45,1.855405
48,13,46,3.015557
48,13,47,2.488902
48,13,48,2.214772
48,13,49,1.842185
48,13,50,1.941713
48,13,51,1.668640
48,13,52,1.848363
48,14,44,1.653251
48,14,45,2.092706
48,14,46,1.834797
48,14,47,2.283076
48,14,48,1.850584
48,14,49,1.974511
48,14,50,1.658530
48,14,51,1.726835
48,14,52,1.648467
48,15,44,1.623056
48,15,45,1.709355
48,15,46,1.619418
48,15,47,1.647912
48,15,48,1.640270
48,15,49,1.610334
48,15,50,1.630710
48,15,51,1.653021
48,15,52,1.617813
48,16,44,1.640848
48,16,45,1.592179
48,16,46,1.627967
48,16,47,1.648667
48,16,48,1.629238
48,16,49,1.638831
48,16,50,1.634388
48,16,51,1.626611
48,16,52,1.636818
48,17,44,1.638518
48,17,45,1.600228
48,17,46,1.645566
48,17,47,1.684429
48,17,48,1.630368
48,17,49,1.625068
48,17,50,1.633931
48,17,51,1.616077
48,17,52,1.608502
48,18,44,1.606566
48,18,45,1.628004
48,18,46,1.634775
48,18,47,1.598453
48,18,48,1.634132
48,18,49,1.612306
48,18,50,1.594304
48,18,51,1.612793
48,18,52,1.592317
48,19,44,1.584809
48,19,45,1.591021
48,19,46,1.592627
48,19,47,1.590159
48,19,48,1.589480
48,19,49,1.583820
48,19,50,1.587685
48,19,51,1.618067
48,19,52,1.608516
48,20,44,1.584300
48,20,45,1.690586
48,20,46,1.657839
48,20,47,1.587418
48,20,48,1.623351
48,20,49,1.608305
48,20,50,1.685176
48,20,51,1.626454
48,20,52,1.657397
48,21,44,1.607609
48,21,45,1.638555
48,21,46,1.593891
48,21,47,1.619040
48,21,48,1.616815
48,21,49,1.604534
48,21,50,1.596011
48,21,51,1.606522
48,21,52,1.608375
48,22,44,1.636792
48,22,45,1.606236
48,22,46,1.589217
48,22,47,1.587919
48,22,48,1.592862
48,22,49,1.618106
48,22,50,1.607255
48,22,51,1.580512
48,22,52,1.617230
48,23,44,1.642822
48,23,45,1.609291
48,23,46,1.606815
48,23,47,1.603675
48,23,48,1.636174
48,23,49,1.608529
48,23,50,1.609567
48,23,51,1.599996
48,23,52,1.585858
48,24,44,1.603961
48,24,45,1.613059
48,24,46,1.612752
48,24,47,1.611624
48,24,48,1.603737
48,24,49,1.631758
48,24,50,1.628254
48,24,51,1.583259
48,24,52,1.605909
49,12,44,1.642341
49,12,45,1.641650
49,12,46,1.640023
49,12,47,1.669295
49,12,48,1.682758
49,12,49,1.672881
49,12,50,1.662660
49,12,51,1.643017
49,12,52,1.670752
49,13,44,1.637599
49,13,45,1.654867
49,13,46,1.634398
49,13,47,1.624150
49,13,48,1.650354
49,13,49,1.661089
49,13,50,1.636825
49,13,51,1.663264
49,13,52,1.651640
49,14,44,1.637865
49,14,45,1.665914
49,14,46,1.645454
49,14,47,1.646213
49,14,48,1.613351
49,14,49,1.657166
49,14,50,1.637048
49,14,51,1.656473
49,14,52,1.641264
49,15,44,1.634417
49,15,45,1.628095
49,15,46,1.641978
49,15,47,1.625117
49,15,48,1.601724
49,15,49,1.612127
49,15,50,1.626496
49,15,51,1.610101
49,15,52,1.607946
49,16,44,1.617956
49,16,45,1.623241
49,16,46,1.618454
49,16,47,1.634588
49,16,48,1.628622
49,16,49,1.600841
49,16,50,1.603146
49,16,51,1.625225
49,16,52,1.616624
49,17,44,1.620123
49,17,45,1.600475
49,17,46,1.625253
49,17,47,1.670763
49,17,48,1.608936
49,17,49,1.649705
49,17,50,1.651535
49,17,51,1.596424
49,17,52,1.623249
49,18,44,1.616393
49,18,45,1.622699
49,18,46,1.627594
49,18,47,1.619746
49,18,48,1.639693
49,18,49,1.617513
49,18,50,1.614955
49,18,51,1.620476
49,18,52,1.595979
49,19,44,1.591607
49,19,45,1.588043
49,19,46,1.623617
49,19,47,1.613561
49,19,48,1.641724
49,19,49,1.598239
49,19,50,1.612042
49,19,51,1.635116
49,19,52,1.589787
49,20,44,1.611398
49,20,45,1.626369
49,20,46,1.593161
49,20,47,1.616892
49,20,48,1.741059
49,20,49,1.706396
49,20,50,1.622572
49,20,51,1.650759
49,20,52,1.627162
49,21,44,1.647682
49,21,45,1.598955
49,21,46,1.615009
49,21,47,1.603230
49,21,48,1.617636
49,21,49,1.597842
49,21,50,1.609770
49,21,51,1.626741
49,21,52,1.595593
49,22,44,1.610260
49,22,45,1.614872
49,22,46,1.632217
49,22,47,1.726102
49,22,48,1.650191
49,22,49,1.641333
49,22,50,1.614355
49,22,51,1.588245
49,22,52,1.599818
49,23,44,1.598312
49,23,45,1.603048
49,23,46,1.634199
49,23,47,1.618659
49,23,48,1.646529
49,23,49,1.610960
49,23,50,1.612189
49,23,51,1.631696
49,23,52,1.591726
49,24,44,1.632365
49,24,45,1.618779
49,24,46,1.590720
49,24,47,1.628854
49,24,48,1.605954
49,24,49,1.628701
49,24,50,1.582351
49,24,51,1.604742
49,24,52,1.630745
50,12,44,1.676131
50,12,45,1.802944
50,12,46,2.094823
50,12,47,3.010596
50,12,48,2.235027
50,12,49,1.977420
50,12,50,1.851868
50,12,51,1.962613
50,12,52,2.107197
50,13,44,2.579299
50,13,45,1.969014
50,13,46,2.735727
50,13,47,2.089188
50,13,48,2.551988
50,13,49,2.416057
50,13,50,2.259833
50,13,51,3.044934
50,13,52,2.664098
50,14,44,2.595216
50,14,45,2.204897
50,14,46,1.975025
50,14,47,1.842536
50,14,48,2.058376
50,14,49,1.950437
50,14,50,2.179649
50,14,51,2.250349
50,14,52,3.230239
50,15,44,2.735660
50,15,45,1.940608
50,15,46,1.878897
50,15,47,2.086562
50,15,48,1.936265
50,15,49,1.926906
50,15,50,2.192500
50,15,51,1.945150
50,15,52,2.160205
50,16,44,2.122314
50,16,45,2.297019
50,16,46,2.732848
50,16,47,2.053173
50,16,48,1.969915
50,16,49,2.148912
50,16,50,2.073851
50,16,51,2.806113
50,16,52,1.979891
50,17,44,2.108346
50,17,45,2.868161
50,17,46,1.871653
50,17,47,2.076626
50,17,48,1.974712
50,17,49,1.712160
50,17,50,1.770663
50,17,51,1.839684
50,17,52,1.859967
50,18,44,1.728706
50,18,45,1.846468
50,18,46,2.002465
50,18,47,1.879662
50,18,48,1.687659
50,18,49,1.877095
50,18,50,1.811037
50,18,51,1.710850
50,18,52,1.686580
50,19,44,1.994084
50,19,45,1.664004
50,19,46,1.741671
50,19,47,1.624080
50,19,48,1.864482
50,19,49,1.719010
50,19,50,1.683814
50,19,51,1.691280
50,19,52,1.690800
50,20,44,1.690008
50,20,45,1.635867
50,20,46,1.686705
50,20,47,1.663161
50,20,48,1.747823
50,20,49,1.741990
50,20,50,1.728236
50,20,51,1.669029
50,20,52,1.702075
50,21,44,1.720661
50,21,45,1.686352
50,21,46,1.696483
50,21,47,1.837114
50,21,48,1.739504
50,21,49,1.685690
50,21,50,1.852262
50,21,51,1.745074
50,21,52,1.647984
50,22,44,1.638737
50,22,45,1.661900
50,22,46,1.617395
50,22,47,1.599869
50,22,48,1.669025
50,22,49,1.689125
50,22,50,1.653430
50,22,51,1.759945
50,22,52,1.711167
50,23,44,1.641250
50,23,45,1.700099
50,23,46,1.715151
50,23,47,1.733398
50,23,48,1.646829
50,23,49,1.647158
50,23,50,1.946312
50,23,51,1.758786
50,23,52,1.681276
50,24,44,1.599348
50,24,45,1.599508
50,24,46,1.609223
50,24,47,1.616481
50,24,48,1.580440
50,24,49,1.610058
50,24,50,1.586855
50,24,51,1.706696
50,24,52,1.597737
51,12,44,1.668014
51,12,45,1.660474
51,12,46,1.663772
51,12,47,1.658949
51,12,48,1.657114
51,12,49,1.662696
51,12,50,1.644102
51,12,51,1.660933
51,12,52,1.642721
51,13,44,1.670968
51,13,45,1.667619
51,13,46,1.648565
51,13,47,1.662018
51,13,48,1.646600
51,13,49,1.622284
51,13,50,1.648939
51,13,51,1.627983
51,13,52,1.624461
51,14,44,1.628206
51,14,45,1.638432
51,14,46,1.618894
51,14,47,1.667036
51,14,48,1.635661
51,14,49,1.622674
51,14,50,1.727176
51,14,51,1.672275
51,14,52,1.785632
51,15,44,1.643047
51,15,45,1.711150
51,15,46,1.769914
51,15,47,1.713604
51,15,48,1.718179
51,15,49,1.670535
51,15,50,1.736981
51,15,51,1.645584
51,15,52,1.640875
51,16,44,1.614228
51,16,45,1.606600
51,16,46,1.656944
51,16,47,1.657615
51,16,48,1.620004
51,16,49,1.694316
51,16,50,1.681947
51,16,51,1.741563
51,16,52,1.668173
51,17,44,1.644145
51,17,45,1.715417
51,17,46,1.685382
51,17,47,1.714065
51,17,48,1.713438
51,17,49,1.696391
51,17,50,1.679846
51,17,51,1.688992
51,17,52,1.678784
51,18,44,1.716354
51,18,45,1.674124
51,18,46,1.669149
51,18,47,1.718198
51,18,48,1.734377
51,18,49,1.688964
51,18,50,1.758736
51,18,51,1.698280
51,18,52,1.627554
51,19,44,1.732305
51,19,45,1.664417
51,19,46,1.638314
51,19,47,1.747170
51,19,48,1.655515
51,19,49,1.815138
51,19,50,1.641110
51,19,51,1.730807
51,19,52,1.756526
51,20,44,1.699240
51,20,45,1.854305
51,20,46,1.585590
51,20,47,1.649331
51,20,48,1.710895
51,20,49,1.677079
51,20,50,1.690992
51,20,51,1.735679
51,20,52,1.682424
51,21,44,1.710437
51,21,45,1.707349
51,21,46,1.683772
51,21,47,1.865423
51,21,48,2.096211
51,21,49,1.792329
51,21,50,1.725983
51,21,51,1.648787
51,21,52,1.654210
51,22,44,1.757747
51,22,45,1.811377
51,22,46,1.691046
51,22,47,2.039469
51,22,48,1.882276
51,22,49,2.094154
51,22,50,1.808647
51,22,51,1.708586
51,22,52,1.643140
51,23,44,1.698735
51,23,45,1.864695
51,23,46,1.787484
51,23,47,1.702269
51,23,48,1.802154
51,23,49,1.707839
51,23,50,1.611792
51,23,51,1.585447
51,23,52,1.646697
51,24,44,1.617811
51,24,45,1.630515
51,24,46,1.639052
51,24,47,1.582950
51,24,48,1.604579
51,24,49,1.612662
51,24,50,1.606575
51,24,51,1.589889
51,24,52,1.610066
52,12,44,1.690974
52,12,45,1.669768
52,12,46,1.646248
52,12,47,1.749383
52,12,48,1.661410
52,12,49,1.695930
52,12,50,1.659914
52,12,51,1.658726
52,12,52,1.646069
52,13,44,1.652280
52,13,45,1.637854
52,13,46,1.681328
52,13,47,1.628932
52,13,48,1.672372
52,13,49,1.642407
52,13,50,1.646723
52,13,51,1.659356
52,13,52,1.641096
52,14,44,1.671793
52,14,45,1.645407
52,14,46,1.644940
52,14,47,1.615886
52,14,48,1.645060
52,14,49,1.631435
52,14,50,1.612534
52,14,51,1.619906
52,14,52,1.611292
52,15,44,1.606309
52,15,45,1.614697
52,15,46,1.607270
52,15,47,1.600972
52,15,48,1.626306
52,15,49,1.622586
52,15,50,1.639794
52,15,51,1.646714
52,15,52,1.605690
52,16,44,1.625846
52,16,45,1.623153
52,16,46,1.594101
52,16,47,1.654264
52,16,48,1.610455
52,16,49,1.619404
52,16,50,1.595079
52,16,51,1.597989
52,16,52,1.626247
52,17,44,1.609859
52,17,45,1.603696
52,17,46,1.618128
52,17,47,1.628240
52,17,48,1.620642
52,17,49,1.598623
52,17,50,1.607443
52,17,51,1.596164
52,17,52,1.596410
52,18,44,1.588653
52,18,45,1.705690
52,18,46,1.639875
52,18,47,1.630314
52,18,48,1.602334
52,18,49,1.623760
52,18,50,1.593274
52,18,51,1.601290
52,18,52,1.628827
52,19,44,1.626518
52,19,45,1.613601
52,19,46,1.615291
52,19,47,1.604072
52,19,48,1.613764
52,19,49,1.625543
52,19,50,1.619062
52,19,51,1.600333
52,19,52,1.602522
52,20,44,1.596844
52,20,45,1.584055
52,20,46,1.612520
52,20,47,1.580635
52,20,48,1.599309
52,20,49,1.600558
52,20,50,1.631056
52,20,51,1.631016
52,20,52,1.603799
52,21,44,1.601947
52,21,45,1.600702
52,21,46,1.607843
52,21,47,1.618394
52,21,48,1.592090
52,21,49,1.632420
52,21,50,1.623501
52,21,51,1.596222
52,21,52,1.572209
52,22,44,1.577160
52,22,45,1.593131
52,22,46,1.599251
52,22,47,1.607148
52,22,48,1.586129
52,22,49,1.604304
52,22,50,1.583345
52,22,51,1.585522
52,22,52,1.597834
52,23,44,1.593800
52,23,45,1.639751
52,23,46,1.581795
52,23,47,1.612873
52,23,48,1.611239
52,23,49,1.611764
52,23,50,1.595958
52,23,51,1.607342
52,23,52,1.583330
52,24,44,1.604012
52,24,45,1.603485
52,24,46,1.606144
52,24,47,1.602318
52,24,48,1.608333
52,24,49,1.613686
52,24,50,1.580443
52,24,51,1.577153
52,24,52,1.582623
